{
 "cells": [
  {
   "cell_type": "code",
   "execution_count": 1,
   "metadata": {
    "collapsed": true
   },
   "outputs": [],
   "source": [
    "import pandas as pd\n",
    "import numpy as np\n",
    "\n",
    "df = pd.read_csv('../DSI-CHI-1/lessons/week-07/2.1-dimensionality-reduction/assets/datasets/iris.csv')"
   ]
  },
  {
   "cell_type": "code",
   "execution_count": 2,
   "metadata": {
    "collapsed": false
   },
   "outputs": [
    {
     "data": {
      "text/html": [
       "<div>\n",
       "<table border=\"1\" class=\"dataframe\">\n",
       "  <thead>\n",
       "    <tr style=\"text-align: right;\">\n",
       "      <th></th>\n",
       "      <th>SepalLength</th>\n",
       "      <th>SepalWidth</th>\n",
       "      <th>PetalLength</th>\n",
       "      <th>PetalWidth</th>\n",
       "      <th>Name</th>\n",
       "    </tr>\n",
       "  </thead>\n",
       "  <tbody>\n",
       "    <tr>\n",
       "      <th>0</th>\n",
       "      <td>5.1</td>\n",
       "      <td>3.5</td>\n",
       "      <td>1.4</td>\n",
       "      <td>0.2</td>\n",
       "      <td>Iris-setosa</td>\n",
       "    </tr>\n",
       "    <tr>\n",
       "      <th>1</th>\n",
       "      <td>4.9</td>\n",
       "      <td>3.0</td>\n",
       "      <td>1.4</td>\n",
       "      <td>0.2</td>\n",
       "      <td>Iris-setosa</td>\n",
       "    </tr>\n",
       "    <tr>\n",
       "      <th>2</th>\n",
       "      <td>4.7</td>\n",
       "      <td>3.2</td>\n",
       "      <td>1.3</td>\n",
       "      <td>0.2</td>\n",
       "      <td>Iris-setosa</td>\n",
       "    </tr>\n",
       "    <tr>\n",
       "      <th>3</th>\n",
       "      <td>4.6</td>\n",
       "      <td>3.1</td>\n",
       "      <td>1.5</td>\n",
       "      <td>0.2</td>\n",
       "      <td>Iris-setosa</td>\n",
       "    </tr>\n",
       "    <tr>\n",
       "      <th>4</th>\n",
       "      <td>5.0</td>\n",
       "      <td>3.6</td>\n",
       "      <td>1.4</td>\n",
       "      <td>0.2</td>\n",
       "      <td>Iris-setosa</td>\n",
       "    </tr>\n",
       "  </tbody>\n",
       "</table>\n",
       "</div>"
      ],
      "text/plain": [
       "   SepalLength  SepalWidth  PetalLength  PetalWidth         Name\n",
       "0          5.1         3.5          1.4         0.2  Iris-setosa\n",
       "1          4.9         3.0          1.4         0.2  Iris-setosa\n",
       "2          4.7         3.2          1.3         0.2  Iris-setosa\n",
       "3          4.6         3.1          1.5         0.2  Iris-setosa\n",
       "4          5.0         3.6          1.4         0.2  Iris-setosa"
      ]
     },
     "execution_count": 2,
     "metadata": {},
     "output_type": "execute_result"
    }
   ],
   "source": [
    "df.head()"
   ]
  },
  {
   "cell_type": "code",
   "execution_count": 4,
   "metadata": {
    "collapsed": false
   },
   "outputs": [
    {
     "data": {
      "text/plain": [
       "array([[ 5.1,  3.5,  1.4,  0.2],\n",
       "       [ 4.9,  3. ,  1.4,  0.2],\n",
       "       [ 4.7,  3.2,  1.3,  0.2]])"
      ]
     },
     "execution_count": 4,
     "metadata": {},
     "output_type": "execute_result"
    }
   ],
   "source": [
    "x = df.ix[:,0:4].values\n",
    "# just see a taste of  what I did\n",
    "x[0:3]"
   ]
  },
  {
   "cell_type": "code",
   "execution_count": 5,
   "metadata": {
    "collapsed": false
   },
   "outputs": [
    {
     "data": {
      "text/plain": [
       "array([[-0.90068117,  1.03205722, -1.3412724 , -1.31297673],\n",
       "       [-1.14301691, -0.1249576 , -1.3412724 , -1.31297673],\n",
       "       [-1.38535265,  0.33784833, -1.39813811, -1.31297673],\n",
       "       [-1.50652052,  0.10644536, -1.2844067 , -1.31297673],\n",
       "       [-1.02184904,  1.26346019, -1.3412724 , -1.31297673]])"
      ]
     },
     "execution_count": 5,
     "metadata": {},
     "output_type": "execute_result"
    }
   ],
   "source": [
    "# now we transform and standardize so they have mean 0 variance 1\n",
    "from sklearn.preprocessing import StandardScaler\n",
    "\n",
    "x_standard = StandardScaler().fit_transform(x)\n",
    "# just transformed versions of above x's. except unit changes here are meaningful and can be compared\n",
    "# difference in change between each number is the same scale\n",
    "x_standard[0:5]"
   ]
  },
  {
   "cell_type": "code",
   "execution_count": 6,
   "metadata": {
    "collapsed": true
   },
   "outputs": [],
   "source": [
    "# columns vs column and how much each one co-varies with each other\n",
    "# flipping matrix\n",
    "\n",
    "cov_mat = np.cov(x_standard.T)"
   ]
  },
  {
   "cell_type": "code",
   "execution_count": 7,
   "metadata": {
    "collapsed": false
   },
   "outputs": [
    {
     "data": {
      "text/plain": [
       "array([[ 1.00671141, -0.11010327,  0.87760486,  0.82344326],\n",
       "       [-0.11010327,  1.00671141, -0.42333835, -0.358937  ],\n",
       "       [ 0.87760486, -0.42333835,  1.00671141,  0.96921855],\n",
       "       [ 0.82344326, -0.358937  ,  0.96921855,  1.00671141]])"
      ]
     },
     "execution_count": 7,
     "metadata": {},
     "output_type": "execute_result"
    }
   ],
   "source": [
    "cov_mat\n",
    "# as sepal length goes up sepal width goes down \n",
    "# petal length and width are related"
   ]
  },
  {
   "cell_type": "code",
   "execution_count": 8,
   "metadata": {
    "collapsed": false
   },
   "outputs": [
    {
     "data": {
      "text/html": [
       "<div>\n",
       "<table border=\"1\" class=\"dataframe\">\n",
       "  <thead>\n",
       "    <tr style=\"text-align: right;\">\n",
       "      <th></th>\n",
       "      <th>SepalLength</th>\n",
       "      <th>SepalWidth</th>\n",
       "      <th>PetalLength</th>\n",
       "      <th>PetalWidth</th>\n",
       "    </tr>\n",
       "  </thead>\n",
       "  <tbody>\n",
       "    <tr>\n",
       "      <th>SepalLength</th>\n",
       "      <td>1.000000</td>\n",
       "      <td>-0.109369</td>\n",
       "      <td>0.871754</td>\n",
       "      <td>0.817954</td>\n",
       "    </tr>\n",
       "    <tr>\n",
       "      <th>SepalWidth</th>\n",
       "      <td>-0.109369</td>\n",
       "      <td>1.000000</td>\n",
       "      <td>-0.420516</td>\n",
       "      <td>-0.356544</td>\n",
       "    </tr>\n",
       "    <tr>\n",
       "      <th>PetalLength</th>\n",
       "      <td>0.871754</td>\n",
       "      <td>-0.420516</td>\n",
       "      <td>1.000000</td>\n",
       "      <td>0.962757</td>\n",
       "    </tr>\n",
       "    <tr>\n",
       "      <th>PetalWidth</th>\n",
       "      <td>0.817954</td>\n",
       "      <td>-0.356544</td>\n",
       "      <td>0.962757</td>\n",
       "      <td>1.000000</td>\n",
       "    </tr>\n",
       "  </tbody>\n",
       "</table>\n",
       "</div>"
      ],
      "text/plain": [
       "             SepalLength  SepalWidth  PetalLength  PetalWidth\n",
       "SepalLength     1.000000   -0.109369     0.871754    0.817954\n",
       "SepalWidth     -0.109369    1.000000    -0.420516   -0.356544\n",
       "PetalLength     0.871754   -0.420516     1.000000    0.962757\n",
       "PetalWidth      0.817954   -0.356544     0.962757    1.000000"
      ]
     },
     "execution_count": 8,
     "metadata": {},
     "output_type": "execute_result"
    }
   ],
   "source": [
    "# similar to what we did above\n",
    "\n",
    "df.corr()"
   ]
  },
  {
   "cell_type": "code",
   "execution_count": 9,
   "metadata": {
    "collapsed": true
   },
   "outputs": [],
   "source": [
    "eigenValues, eigenVectors = np.linalg.eig(cov_mat)"
   ]
  },
  {
   "cell_type": "code",
   "execution_count": 12,
   "metadata": {
    "collapsed": false
   },
   "outputs": [
    {
     "data": {
      "text/plain": [
       "array([ 1.00671141, -0.11010327,  0.87760486,  0.82344326])"
      ]
     },
     "execution_count": 12,
     "metadata": {},
     "output_type": "execute_result"
    }
   ],
   "source": [
    "# \n",
    "\n",
    "cov_mat[:,0]"
   ]
  },
  {
   "cell_type": "code",
   "execution_count": 10,
   "metadata": {
    "collapsed": false
   },
   "outputs": [
    {
     "data": {
      "text/plain": [
       "array([[ 0.52237162, -0.37231836, -0.72101681,  0.26199559],\n",
       "       [-0.26335492, -0.92555649,  0.24203288, -0.12413481],\n",
       "       [ 0.58125401, -0.02109478,  0.14089226, -0.80115427],\n",
       "       [ 0.56561105, -0.06541577,  0.6338014 ,  0.52354627]])"
      ]
     },
     "execution_count": 10,
     "metadata": {},
     "output_type": "execute_result"
    }
   ],
   "source": [
    "# if we apply this transformation at the same point from cov_mat its the same as multiplying same point as eigen values\n",
    "\n",
    "eigenVectors"
   ]
  },
  {
   "cell_type": "code",
   "execution_count": 11,
   "metadata": {
    "collapsed": false
   },
   "outputs": [
    {
     "data": {
      "text/plain": [
       "array([ 2.93035378,  0.92740362,  0.14834223,  0.02074601])"
      ]
     },
     "execution_count": 11,
     "metadata": {},
     "output_type": "execute_result"
    }
   ],
   "source": [
    "# found scaler transformations same as applying whole vector matrix\n",
    "\n",
    "eigenValues"
   ]
  },
  {
   "cell_type": "code",
   "execution_count": 13,
   "metadata": {
    "collapsed": false
   },
   "outputs": [
    {
     "data": {
      "text/plain": [
       "4.0268456375838948"
      ]
     },
     "execution_count": 13,
     "metadata": {},
     "output_type": "execute_result"
    }
   ],
   "source": [
    "# total times changed. total scaler change\n",
    "\n",
    "eigenValSum = sum(eigenValues)\n",
    "eigenValSum"
   ]
  },
  {
   "cell_type": "code",
   "execution_count": 15,
   "metadata": {
    "collapsed": true
   },
   "outputs": [],
   "source": [
    "eigenValues?"
   ]
  },
  {
   "cell_type": "code",
   "execution_count": 16,
   "metadata": {
    "collapsed": false
   },
   "outputs": [],
   "source": [
    "# take every eigen value and divide by each eigen value then multiply by 100 to get % = we get total amount of change\n",
    "\n",
    "varianceExplained = [(i / eigenValSum) * 100 for i in sorted(eigenValues, reverse=True)]"
   ]
  },
  {
   "cell_type": "code",
   "execution_count": 17,
   "metadata": {
    "collapsed": false
   },
   "outputs": [
    {
     "data": {
      "text/plain": [
       "[72.770452093801339, 23.03052326768065, 3.6838319576273775, 0.5151926808906323]"
      ]
     },
     "execution_count": 17,
     "metadata": {},
     "output_type": "execute_result"
    }
   ],
   "source": [
    "# shows how much (%) each changed in cov_mat\n",
    "# doesnt matter if by row or column\n",
    "\n",
    "varianceExplained"
   ]
  },
  {
   "cell_type": "code",
   "execution_count": 18,
   "metadata": {
    "collapsed": true
   },
   "outputs": [],
   "source": [
    "cumulativeVarianceExplained = np.cumsum(varianceExplained)"
   ]
  },
  {
   "cell_type": "code",
   "execution_count": 19,
   "metadata": {
    "collapsed": false
   },
   "outputs": [
    {
     "data": {
      "text/plain": [
       "array([  72.77045209,   95.80097536,   99.48480732,  100.        ])"
      ]
     },
     "execution_count": 19,
     "metadata": {},
     "output_type": "execute_result"
    }
   ],
   "source": [
    "cumulativeVarianceExplained"
   ]
  },
  {
   "cell_type": "code",
   "execution_count": null,
   "metadata": {
    "collapsed": true
   },
   "outputs": [],
   "source": [
    "# what is most important column overall- eigen vectors!"
   ]
  },
  {
   "cell_type": "code",
   "execution_count": 21,
   "metadata": {
    "collapsed": false
   },
   "outputs": [
    {
     "data": {
      "text/plain": [
       "[(2.9303537755893174,\n",
       "  array([ 0.52237162, -0.37231836, -0.72101681,  0.26199559])),\n",
       " (0.92740362151734212,\n",
       "  array([-0.26335492, -0.92555649,  0.24203288, -0.12413481])),\n",
       " (0.14834222648163944,\n",
       "  array([ 0.58125401, -0.02109478,  0.14089226, -0.80115427])),\n",
       " (0.020746013995595943,\n",
       "  array([ 0.56561105, -0.06541577,  0.6338014 ,  0.52354627]))]"
      ]
     },
     "execution_count": 21,
     "metadata": {},
     "output_type": "execute_result"
    }
   ],
   "source": [
    "eigenPairs = zip(eigenValues, eigenVectors)\n",
    "eigenPairs"
   ]
  },
  {
   "cell_type": "code",
   "execution_count": 23,
   "metadata": {
    "collapsed": false
   },
   "outputs": [
    {
     "data": {
      "text/plain": [
       "array([[ 0.52237162, -0.26335492],\n",
       "       [-0.37231836, -0.92555649],\n",
       "       [-0.72101681,  0.24203288],\n",
       "       [ 0.26199559, -0.12413481]])"
      ]
     },
     "execution_count": 23,
     "metadata": {},
     "output_type": "execute_result"
    }
   ],
   "source": [
    "# grabbing ones that created most change\n",
    "\n",
    "Pmatrix = np.hstack((eigenPairs[0][1].reshape(4,1),\n",
    "                    eigenPairs[1][1].reshape(4,1)))\n",
    "Pmatrix"
   ]
  },
  {
   "cell_type": "code",
   "execution_count": 27,
   "metadata": {
    "collapsed": false
   },
   "outputs": [
    {
     "data": {
      "text/plain": [
       "array([-0.2316583 , -0.87967436])"
      ]
     },
     "execution_count": 27,
     "metadata": {},
     "output_type": "execute_result"
    }
   ],
   "source": [
    "# dot multiplication on original dataset\n",
    "# set of two new columns with two new values encode same 95% variation we found \n",
    "# taking lessons we found in eigen values and applied it\n",
    "\n",
    "x_standard[0].dot(Pmatrix)"
   ]
  },
  {
   "cell_type": "code",
   "execution_count": 28,
   "metadata": {
    "collapsed": false
   },
   "outputs": [
    {
     "data": {
      "text/plain": [
       "array([-0.90068117,  1.03205722, -1.3412724 , -1.31297673])"
      ]
     },
     "execution_count": 28,
     "metadata": {},
     "output_type": "execute_result"
    }
   ],
   "source": [
    "x_standard[0]"
   ]
  },
  {
   "cell_type": "markdown",
   "metadata": {},
   "source": [
    "heres the easy way!"
   ]
  },
  {
   "cell_type": "code",
   "execution_count": 30,
   "metadata": {
    "collapsed": true
   },
   "outputs": [],
   "source": [
    "from sklearn.decomposition import PCA\n",
    "\n",
    "pca = PCA(n_components=2)"
   ]
  },
  {
   "cell_type": "code",
   "execution_count": 32,
   "metadata": {
    "collapsed": false
   },
   "outputs": [
    {
     "data": {
      "text/plain": [
       "array([-0.2316583 , -0.87967436])"
      ]
     },
     "execution_count": 32,
     "metadata": {},
     "output_type": "execute_result"
    }
   ],
   "source": [
    "x_standard[0].dot(Pmatrix)"
   ]
  },
  {
   "cell_type": "code",
   "execution_count": 33,
   "metadata": {
    "collapsed": false
   },
   "outputs": [
    {
     "data": {
      "text/plain": [
       "array([-2.26454173, -0.5057039 ])"
      ]
     },
     "execution_count": 33,
     "metadata": {},
     "output_type": "execute_result"
    }
   ],
   "source": [
    "pca.fit_transform(x_standard)[0]"
   ]
  },
  {
   "cell_type": "code",
   "execution_count": 34,
   "metadata": {
    "collapsed": false
   },
   "outputs": [
    {
     "data": {
      "text/plain": [
       "-3.6917727867613137"
      ]
     },
     "execution_count": 34,
     "metadata": {},
     "output_type": "execute_result"
    }
   ],
   "source": [
    "pca.score(x_standard)"
   ]
  },
  {
   "cell_type": "code",
   "execution_count": null,
   "metadata": {
    "collapsed": true
   },
   "outputs": [],
   "source": [
    "PCA?"
   ]
  },
  {
   "cell_type": "markdown",
   "metadata": {},
   "source": [
    "take data\n",
    "\n",
    "how columns vary\n",
    "\n",
    "use eigen vectors\n",
    "\n",
    "use some of the eigan values\n",
    "\n",
    "apply to data to decompose columns of importance"
   ]
  },
  {
   "cell_type": "code",
   "execution_count": null,
   "metadata": {
    "collapsed": true
   },
   "outputs": [],
   "source": []
  }
 ],
 "metadata": {
  "kernelspec": {
   "display_name": "Python [Root]",
   "language": "python",
   "name": "Python [Root]"
  },
  "language_info": {
   "codemirror_mode": {
    "name": "ipython",
    "version": 2
   },
   "file_extension": ".py",
   "mimetype": "text/x-python",
   "name": "python",
   "nbconvert_exporter": "python",
   "pygments_lexer": "ipython2",
   "version": "2.7.12"
  }
 },
 "nbformat": 4,
 "nbformat_minor": 0
}
